time	V(in)	V(out)	V(x1:n012)	V(x1:n013)
0.000000000000000e+000	0.000000e+000	2.800000e+000	1.080264e-008	1.080264e-008
1.855468657882618e-015	2.968750e-006	2.800000e+000	2.185306e-008	1.190323e-008
3.710937315765236e-015	5.937500e-006	2.800000e+000	3.342129e-008	1.300753e-008
7.421874631530472e-015	1.187500e-005	2.800000e+000	5.841112e-008	1.523280e-008
1.484374926306094e-014	2.375000e-005	2.800000e+000	1.108690e-007	1.971951e-008
2.841517716071667e-013	4.546428e-004	2.800000e+000	1.977670e-006	2.083901e-007
5.534597939512725e-013	8.855356e-004	2.800000e+000	3.760658e-006	3.899916e-007
8.227678162953783e-013	1.316428e-003	2.800000e+000	5.459834e-006	5.645240e-007
1.092075838639484e-012	1.747321e-003	2.800000e+000	7.075197e-006	7.319873e-007
1.361383860983590e-012	2.178214e-003	2.800000e+000	8.606748e-006	8.923815e-007
1.630691883327696e-012	2.609107e-003	2.800000e+000	1.005449e-005	1.045707e-006
1.899999905671801e-012	3.040000e-003	2.800000e+000	1.141841e-005	1.191962e-006
3.799999811343602e-012	6.080000e-003	2.800000e+000	1.942569e-005	2.054662e-006
7.599999622687204e-012	1.216000e-002	2.800000e+000	2.904054e-005	3.111845e-006
1.519999924537441e-011	2.432000e-002	2.800000e+000	3.534806e-005	3.737567e-006
3.039999849074881e-011	4.864000e-002	2.800000e+000	3.173109e-005	2.951265e-006
6.079999698149763e-011	9.728000e-002	2.800000e+000	1.863731e-005	8.290884e-007
1.215999939629953e-010	1.945600e-001	2.800000e+000	5.824166e-006	-7.182471e-007
2.431999879259905e-010	3.891200e-001	2.800000e+000	-5.203712e-006	-7.447102e-007
3.144531250000001e-010	5.031250e-001	2.800000e+000	-2.097695e-005	-1.570934e-006
3.574937258519810e-010	5.719900e-001	2.800000e+000	-5.479808e-005	-4.027687e-006
4.139187982960382e-010	6.622701e-001	2.800000e+000	-1.408350e-004	-9.908747e-006
5.000000000000000e-010	8.000000e-001	2.800000e+000	-3.038147e-004	-2.013868e-005
5.086081201703962e-010	8.000000e-001	2.800000e+000	-3.045533e-004	-2.003832e-005
5.258243605111886e-010	8.000000e-001	2.800000e+000	-2.726516e-004	-1.775464e-005
5.602568411927733e-010	8.000000e-001	2.800000e+000	-1.875539e-004	-1.369200e-005
6.291218025559428e-010	8.000000e-001	2.800000e+000	-7.946638e-005	-6.798293e-006
7.198908409111137e-010	8.000000e-001	2.800000e+000	-1.730662e-005	1.349944e-005
8.194344149070187e-010	8.000000e-001	2.800000e+000	5.637890e-005	5.870069e-005
9.100140599940703e-010	8.000000e-001	2.800000e+000	1.468471e-004	1.166283e-004
1.025092159401032e-009	8.000000e-001	2.800000e+000	1.531329e-004	1.680187e-004
1.210639034401032e-009	8.000000e-001	2.800000e+000	4.773648e-005	2.360447e-004
1.396185909401032e-009	8.000000e-001	2.800000e+000	3.341496e-006	2.889789e-004
1.581566304879607e-009	8.000000e-001	2.800000e+000	7.560747e-008	2.396483e-004
1.767113179879607e-009	8.000000e-001	2.800000e+000	1.231177e-007	-4.017116e-003
1.952660054879607e-009	8.000000e-001	2.800000e+000	-1.395222e-007	-8.187548e-003
2.138206929879607e-009	8.000000e-001	2.800000e+000	2.514873e-007	1.148572e-001
2.323753804879607e-009	8.000000e-001	2.800000e+000	4.459293e-008	4.613102e-001
2.446693424579109e-009	8.000000e-001	2.800000e+000	-6.484483e-008	6.828556e-001
2.587803827655381e-009	8.000000e-001	2.800000e+000	2.742699e-007	7.823239e-001
2.696996227009109e-009	8.000000e-001	2.800000e+000	3.024658e-007	7.957842e-001
2.811001113368035e-009	8.000000e-001	2.799990e+000	5.969640e-008	7.984221e-001
2.950867043921741e-009	8.000000e-001	2.799775e+000	8.106151e-008	7.997665e-001
3.045861376275511e-009	8.000000e-001	2.799489e+000	3.549091e-008	7.999858e-001
3.167711920746826e-009	8.000000e-001	2.799768e+000	4.505103e-008	7.999800e-001
3.250513204198389e-009	8.000000e-001	2.800581e+000	4.807412e-008	7.999912e-001
3.324215333092041e-009	8.000000e-001	2.800737e+000	2.755221e-008	7.999844e-001
3.411948934435407e-009	8.000000e-001	2.800205e+000	2.638702e-008	7.999861e-001
3.498996250246696e-009	8.000000e-001	2.800030e+000	2.013754e-008	7.999877e-001
3.593952364026041e-009	8.000000e-001	2.800015e+000	1.241860e-008	7.999966e-001
3.714444466262528e-009	8.000000e-001	2.799989e+000	2.016446e-008	7.999973e-001
3.899991341262528e-009	8.000000e-001	2.800002e+000	1.293421e-008	7.999996e-001
4.085538216262528e-009	8.000000e-001	2.800000e+000	1.365872e-008	7.999995e-001
4.271085091262528e-009	8.000000e-001	2.800002e+000	1.362785e-008	7.999999e-001
4.456631966262528e-009	8.000000e-001	2.799999e+000	9.978649e-009	8.000010e-001
4.642178841262528e-009	8.000000e-001	2.800001e+000	8.050719e-009	8.000013e-001
4.827725716262528e-009	8.000000e-001	2.800000e+000	1.218947e-008	8.000004e-001
5.013272591262528e-009	8.000000e-001	2.800001e+000	1.509986e-008	8.000000e-001
5.198819466262528e-009	8.000000e-001	2.800000e+000	1.612276e-008	8.000001e-001
5.384366341262527e-009	8.000000e-001	2.800001e+000	1.376888e-008	8.000003e-001
5.569913216262527e-009	8.000000e-001	2.800000e+000	1.177222e-008	8.000002e-001
5.755460091262527e-009	8.000000e-001	2.800000e+000	1.053417e-008	8.000001e-001
5.941006966262527e-009	8.000000e-001	2.800000e+000	1.100957e-008	8.000000e-001
6.126553841262527e-009	8.000000e-001	2.800000e+000	1.114164e-008	8.000000e-001
6.312100716262527e-009	8.000000e-001	2.800000e+000	1.239728e-008	8.000000e-001
6.497647591262527e-009	8.000000e-001	2.800000e+000	1.363395e-008	8.000000e-001
6.683194466262527e-009	8.000000e-001	2.800000e+000	1.353220e-008	8.000000e-001
6.868741341262526e-009	8.000000e-001	2.800000e+000	9.167710e-009	8.000001e-001
7.054288216262526e-009	8.000000e-001	2.800000e+000	5.076874e-009	8.000002e-001
7.239835091262526e-009	8.000000e-001	2.800000e+000	2.290999e-009	8.000004e-001
7.425381966262526e-009	8.000000e-001	2.800000e+000	1.818218e-009	8.000009e-001
7.610928841262527e-009	8.000000e-001	2.800000e+000	-3.074341e-010	8.000018e-001
7.796475716262527e-009	8.000000e-001	2.800000e+000	-1.548401e-009	8.000029e-001
7.982022591262527e-009	8.000000e-001	2.800000e+000	-4.702763e-010	8.000052e-001
8.167569466262526e-009	8.000000e-001	2.800000e+000	1.197566e-009	8.000079e-001
8.353116341262526e-009	8.000000e-001	2.800000e+000	2.657222e-009	8.000082e-001
8.538663216262526e-009	8.000000e-001	2.800000e+000	3.824461e-009	7.999987e-001
8.724210091262526e-009	8.000000e-001	2.800000e+000	4.051522e-009	7.999605e-001
8.909756966262526e-009	8.000000e-001	2.800000e+000	4.128674e-009	7.998659e-001
9.095303841262526e-009	8.000000e-001	2.800000e+000	2.702921e-009	7.997251e-001
9.280850716262526e-009	8.000000e-001	2.800000e+000	-5.361185e-009	7.993476e-001
9.466397591262526e-009	8.000000e-001	2.800000e+000	-1.585770e-008	7.986846e-001
9.651944466262525e-009	8.000000e-001	2.800000e+000	1.438567e-008	8.009694e-001
9.837491341262525e-009	8.000000e-001	2.800000e+000	2.243397e-008	8.196710e-001
1.002303821626253e-008	8.000000e-001	2.800000e+000	-1.769706e-007	8.036475e-001
1.020858509126253e-008	8.000000e-001	2.800004e+000	-3.700545e-007	5.703256e-001
1.038262424406821e-008	8.000000e-001	2.800005e+000	-1.805468e-007	1.628990e-001
1.048963505229024e-008	8.000000e-001	2.800002e+000	-3.954371e-007	1.386797e-002
1.061544537222744e-008	8.000000e-001	2.799999e+000	-1.250987e-006	-9.552601e-005
1.075234094944584e-008	8.000000e-001	2.799998e+000	-2.584924e-006	1.042013e-003
1.089743322546944e-008	8.000000e-001	2.799999e+000	-4.697107e-006	-2.455677e-004
1.108298010046944e-008	8.000000e-001	2.800000e+000	-4.632280e-006	3.198681e-004
1.126852697546944e-008	8.000000e-001	2.800000e+000	6.550188e-006	6.114691e-005
1.145407385046944e-008	8.000000e-001	2.800000e+000	4.180014e-005	1.868076e-004
1.163962072546944e-008	8.000000e-001	2.800000e+000	9.367200e-005	4.354509e-005
1.182516760046944e-008	8.000000e-001	2.800000e+000	1.320742e-004	1.224677e-004
1.201071447546944e-008	8.000000e-001	2.800000e+000	5.041606e-005	3.903522e-005
1.219626135046944e-008	8.000000e-001	2.800000e+000	-1.400292e-004	8.685721e-005
1.238180822546944e-008	8.000000e-001	2.800000e+000	-2.064075e-004	3.690030e-005
1.256735510046944e-008	8.000000e-001	2.800000e+000	-7.231832e-005	6.543493e-005
1.275290197546944e-008	8.000000e-001	2.800000e+000	4.884837e-005	3.498391e-005
1.293844885046944e-008	8.000000e-001	2.800000e+000	3.073244e-005	5.162405e-005
1.312399572546944e-008	8.000000e-001	2.800000e+000	3.621653e-006	3.267727e-005
1.330954260046944e-008	8.000000e-001	2.800000e+000	6.051911e-006	4.226793e-005
1.349508947546944e-008	8.000000e-001	2.800000e+000	2.341674e-006	3.019601e-005
1.368063635046944e-008	8.000000e-001	2.800000e+000	2.488808e-006	3.540409e-005
1.386618322546944e-008	8.000000e-001	2.800000e+000	1.440885e-006	2.785436e-005
1.405173010046944e-008	8.000000e-001	2.800001e+000	1.404828e-006	3.106126e-005
1.423727697546944e-008	8.000000e-001	2.800001e+000	9.621522e-007	2.630509e-005
1.442282385046944e-008	8.000000e-001	2.800001e+000	9.227570e-007	2.761683e-005
1.460837072546944e-008	8.000000e-001	2.800002e+000	6.642895e-007	2.407018e-005
1.479391760046944e-008	8.000000e-001	2.800002e+000	6.342202e-007	2.447844e-005
1.497946447546944e-008	8.000000e-001	2.800002e+000	4.856020e-007	2.203882e-005
1.516501135046944e-008	8.000000e-001	2.800002e+000	4.694961e-007	2.204278e-005
1.535055822546944e-008	8.000000e-001	2.800002e+000	3.745900e-007	2.029003e-005
1.553610510046944e-008	8.000000e-001	2.800002e+000	3.577399e-007	2.003246e-005
1.572165197546944e-008	8.000000e-001	2.800002e+000	2.962849e-007	1.873301e-005
1.590719885046944e-008	8.000000e-001	2.800002e+000	2.817340e-007	1.837286e-005
1.609274572546944e-008	8.000000e-001	2.800002e+000	2.406316e-007	1.738268e-005
1.627829260046944e-008	8.000000e-001	2.800002e+000	2.280010e-007	1.696661e-005
1.646383947546944e-008	8.000000e-001	2.800002e+000	1.996736e-007	1.618561e-005
1.683493322546944e-008	8.000000e-001	2.800003e+000	1.687288e-007	1.504164e-005
1.720602697546944e-008	8.000000e-001	2.800004e+000	1.448802e-007	1.410519e-005
1.757712072546944e-008	8.000000e-001	2.800004e+000	1.259532e-007	1.326684e-005
1.776266760046944e-008	8.000000e-001	2.800002e+000	1.191293e-007	1.290579e-005
1.794821447546944e-008	8.000000e-001	2.799999e+000	1.106927e-007	1.251413e-005
1.831930822546944e-008	8.000000e-001	2.799995e+000	9.770011e-008	1.183583e-005
1.850485510046944e-008	8.000000e-001	2.799994e+000	9.275499e-008	1.153090e-005
1.869040197546944e-008	8.000000e-001	2.799996e+000	8.746150e-008	1.122238e-005
1.887594885046944e-008	8.000000e-001	2.800001e+000	8.323673e-008	1.094294e-005
1.906149572546944e-008	8.000000e-001	2.800000e+000	7.889537e-008	1.066530e-005
1.924704260046944e-008	8.000000e-001	2.799996e+000	7.527811e-008	1.040928e-005
1.943258947546944e-008	8.000000e-001	2.799997e+000	7.166503e-008	1.015774e-005
1.961813635046944e-008	8.000000e-001	2.799996e+000	6.855535e-008	9.922855e-006
1.980368322546944e-008	8.000000e-001	2.799996e+000	6.551079e-008	9.693733e-006
1.998923010046944e-008	8.000000e-001	2.799997e+000	6.282627e-008	9.477753e-006
2.017477697546944e-008	8.000000e-001	2.799997e+000	6.023214e-008	9.268024e-006
2.036032385046944e-008	8.000000e-001	2.799998e+000	5.790408e-008	9.069032e-006
2.054587072546944e-008	8.000000e-001	2.799998e+000	5.567334e-008	8.876264e-006
2.073141760046944e-008	8.000000e-001	2.799998e+000	5.364460e-008	8.692503e-006
2.091696447546944e-008	8.000000e-001	2.799999e+000	5.171086e-008	8.514703e-006
2.110251135046944e-008	8.000000e-001	2.799999e+000	4.993445e-008	8.344598e-006
2.128805822546944e-008	8.000000e-001	2.799999e+000	4.824631e-008	8.180094e-006
2.147360510046944e-008	8.000000e-001	2.799999e+000	4.668352e-008	8.022257e-006
2.165915197546944e-008	8.000000e-001	2.799999e+000	4.520054e-008	7.869623e-006
2.184469885046944e-008	8.000000e-001	2.800000e+000	4.381940e-008	7.722839e-006
2.203024572546944e-008	8.000000e-001	2.800000e+000	4.250935e-008	7.580850e-006
2.221579260046944e-008	8.000000e-001	2.800000e+000	4.128339e-008	7.444047e-006
2.258688635046944e-008	8.000000e-001	2.800000e+000	3.902749e-008	7.183901e-006
2.314352697546944e-008	8.000000e-001	2.800000e+000	3.608277e-008	6.824697e-006
2.362064751118372e-008	8.000000e-001	2.800000e+000	3.398979e-008	6.547960e-006
2.409776804689801e-008	8.000000e-001	2.800000e+000	3.207955e-008	6.287756e-006
2.457488858261229e-008	8.000000e-001	2.800000e+000	3.035206e-008	6.044085e-006
2.505200911832658e-008	8.000000e-001	2.800000e+000	2.880730e-008	5.816947e-006
2.552912965404087e-008	8.000000e-001	2.800000e+000	2.744529e-008	5.606342e-006
2.600625018975515e-008	8.000000e-001	2.800000e+000	2.626603e-008	5.412270e-006
2.648337072546943e-008	8.000000e-001	2.800000e+000	2.526950e-008	5.234731e-006
2.791473233261231e-008	8.000000e-001	2.800000e+000	2.294995e-008	4.783447e-006
2.934609393975518e-008	8.000000e-001	2.800000e+000	2.094417e-008	4.378538e-006
3.077745554689805e-008	8.000000e-001	2.800000e+000	1.925218e-008	4.020006e-006
3.220881715404093e-008	8.000000e-001	2.800000e+000	1.787396e-008	3.707849e-006
3.364017876118380e-008	8.000000e-001	2.800000e+000	1.680952e-008	3.442069e-006
3.507154036832668e-008	8.000000e-001	2.800000e+000	1.605886e-008	3.222664e-006
3.650290197546955e-008	8.000000e-001	2.800000e+000	1.562198e-008	3.049635e-006
3.835837072546958e-008	8.000000e-001	2.800000e+000	1.499851e-008	2.837858e-006
4.021383947546961e-008	8.000000e-001	2.800000e+000	1.444886e-008	2.645054e-006
4.206930822546965e-008	8.000000e-001	2.800000e+000	1.397302e-008	2.471222e-006
4.392477697546968e-008	8.000000e-001	2.800000e+000	1.357101e-008	2.316362e-006
4.578024572546971e-008	8.000000e-001	2.800000e+000	1.324281e-008	2.180474e-006
4.763571447546974e-008	8.000000e-001	2.800000e+000	1.298842e-008	2.063558e-006
4.949118322546977e-008	8.000000e-001	2.800000e+000	1.280786e-008	1.965615e-006
4.967673010046978e-008	8.000000e-001	2.800000e+000	1.278764e-008	1.955627e-006
5.045021638308739e-008	8.000000e-001	2.800000e+000	1.270651e-008	1.915030e-006
5.050000000000000e-008	8.000000e-001	2.800000e+000	1.270146e-008	1.912474e-006
5.050497836169126e-008	7.920346e-001	2.800000e+000	-1.944251e-005	1.103713e-006
5.051493508507377e-008	7.761039e-001	2.800000e+000	-3.829108e-005	4.449518e-007
5.053484853183882e-008	7.442424e-001	2.800000e+000	-3.729842e-005	7.157926e-007
5.057467542536891e-008	6.805193e-001	2.800000e+000	-1.796340e-005	1.590394e-006
5.065432921242908e-008	5.530733e-001	2.800000e+000	-3.754874e-006	2.066938e-006
5.081445312499999e-008	2.968750e-001	2.800000e+000	4.619269e-006	2.244809e-006
5.082588186330790e-008	2.785890e-001	2.800000e+000	2.252460e-006	2.107091e-006
5.083894327851694e-008	2.576908e-001	2.800000e+000	7.735450e-006	2.310467e-006
5.086506610893501e-008	2.158942e-001	2.800000e+000	3.191744e-005	3.158125e-006
5.091731176977116e-008	1.323012e-001	2.800000e+000	1.075944e-004	5.439887e-006
5.100000000000000e-008	0.000000e+000	2.800000e+000	2.553150e-004	9.252451e-006
5.100826882302288e-008	0.000000e+000	2.800000e+000	2.791653e-004	9.706035e-006
5.102480646906865e-008	0.000000e+000	2.800000e+000	2.768199e-004	8.523194e-006
5.105788176116018e-008	0.000000e+000	2.800000e+000	2.164732e-004	4.829910e-006
5.112403234534325e-008	0.000000e+000	2.800000e+000	1.563171e-004	1.762087e-006
5.125633351370939e-008	0.000000e+000	2.800000e+000	1.916892e-004	1.858518e-006
5.144188038870940e-008	0.000000e+000	2.800000e+000	2.575738e-004	1.163860e-006
5.162742726370940e-008	0.000000e+000	2.800000e+000	2.262751e-004	-6.770006e-006
5.181297413870940e-008	0.000000e+000	2.800000e+000	-2.872562e-003	-2.941268e-005
5.199852101370940e-008	0.000000e+000	2.800000e+000	-1.990378e-002	-5.680724e-005
5.218406788870941e-008	0.000000e+000	2.800000e+000	5.485107e-002	-6.502397e-005
5.236961476370941e-008	0.000000e+000	2.800000e+000	3.630072e-001	-5.090103e-005
5.250767122099412e-008	0.000000e+000	2.800000e+000	6.437290e-001	1.035957e-005
5.263007174951642e-008	0.000000e+000	2.800000e+000	7.720917e-001	1.227370e-004
5.272204314945282e-008	0.000000e+000	2.800000e+000	7.929155e-001	1.504333e-004
5.282410166548370e-008	0.000000e+000	2.800000e+000	7.971272e-001	8.554482e-005
5.292344194420364e-008	0.000000e+000	2.799992e+000	7.989739e-001	3.290709e-005
5.304189187073552e-008	0.000000e+000	2.799788e+000	7.997960e-001	9.707148e-006
5.313176272077567e-008	0.000000e+000	2.800003e+000	7.999285e-001	3.658050e-006
5.324461270908718e-008	0.000000e+000	2.803010e+000	7.999697e-001	2.419968e-006
5.332152924697597e-008	0.000000e+000	2.803505e+000	7.999815e-001	2.338960e-006
5.342240883008231e-008	0.000000e+000	2.793782e+000	7.999868e-001	1.958705e-006
5.351598323850378e-008	0.000000e+000	2.765117e+000	7.999852e-001	8.295221e-007
5.360532669482583e-008	0.000000e+000	2.744494e+000	7.999907e-001	1.664536e-006
5.373080519765976e-008	0.000000e+000	2.902326e+000	7.999963e-001	2.014633e-006
5.384624349095492e-008	0.000000e+000	3.240516e+000	7.999998e-001	1.794895e-006
5.398532668991721e-008	0.000000e+000	3.535417e+000	7.999991e-001	1.859958e-006
5.413501540809214e-008	0.000000e+000	3.600648e+000	8.000000e-001	1.760791e-006
5.432056228309214e-008	0.000000e+000	3.599540e+000	7.999995e-001	1.762831e-006
5.449840292935456e-008	0.000000e+000	3.600204e+000	8.000005e-001	1.731866e-006
5.468394980435456e-008	0.000000e+000	3.599759e+000	8.000014e-001	1.733283e-006
5.486949667935456e-008	0.000000e+000	3.600075e+000	8.000008e-001	1.722663e-006
5.505504355435457e-008	0.000000e+000	3.599893e+000	8.000000e-001	1.710934e-006
5.524059042935457e-008	0.000000e+000	3.600042e+000	8.000000e-001	1.699422e-006
5.542613730435457e-008	0.000000e+000	3.599949e+000	8.000001e-001	1.694349e-006
5.561168417935458e-008	0.000000e+000	3.600022e+000	8.000003e-001	1.682168e-006
5.579723105435458e-008	0.000000e+000	3.599975e+000	8.000002e-001	1.674814e-006
5.598277792935458e-008	0.000000e+000	3.600012e+000	8.000001e-001	1.666004e-006
5.616832480435459e-008	0.000000e+000	3.599987e+000	8.000000e-001	1.659772e-006
5.635387167935459e-008	0.000000e+000	3.600007e+000	8.000001e-001	1.652438e-006
5.653941855435459e-008	0.000000e+000	3.599993e+000	8.000000e-001	1.647171e-006
5.672496542935459e-008	0.000000e+000	3.600003e+000	8.000000e-001	1.641322e-006
5.691051230435460e-008	0.000000e+000	3.599996e+000	8.000000e-001	1.634242e-006
5.709605917935460e-008	0.000000e+000	3.600002e+000	8.000002e-001	1.625574e-006
5.728160605435460e-008	0.000000e+000	3.599998e+000	8.000003e-001	1.618913e-006
5.746715292935461e-008	0.000000e+000	3.600001e+000	8.000007e-001	1.613006e-006
5.765269980435461e-008	0.000000e+000	3.599999e+000	8.000013e-001	1.607230e-006
5.783824667935461e-008	0.000000e+000	3.600001e+000	8.000023e-001	1.599571e-006
5.802379355435462e-008	0.000000e+000	3.599999e+000	8.000039e-001	1.592931e-006
5.820934042935462e-008	0.000000e+000	3.600000e+000	8.000067e-001	1.586153e-006
5.839488730435462e-008	0.000000e+000	3.599999e+000	8.000088e-001	1.577895e-006
5.858043417935463e-008	0.000000e+000	3.600000e+000	8.000053e-001	1.568407e-006
5.876598105435463e-008	0.000000e+000	3.600000e+000	7.999841e-001	1.558399e-006
5.895152792935463e-008	0.000000e+000	3.600000e+000	7.999197e-001	1.548975e-006
5.913707480435464e-008	0.000000e+000	3.600000e+000	7.997969e-001	1.542088e-006
5.932262167935464e-008	0.000000e+000	3.600000e+000	7.996039e-001	1.535378e-006
5.950816855435464e-008	0.000000e+000	3.600000e+000	7.989756e-001	1.526493e-006
5.969371542935464e-008	0.000000e+000	3.600000e+000	7.989433e-001	1.534869e-006
5.987926230435464e-008	0.000000e+000	3.600000e+000	8.065382e-001	1.563406e-006
6.006480917935463e-008	0.000000e+000	3.599999e+000	8.302827e-001	1.502406e-006
6.025035605435463e-008	0.000000e+000	3.600001e+000	7.854206e-001	1.330522e-006
6.038084670655751e-008	0.000000e+000	3.600006e+000	5.512770e-001	1.420544e-006
6.053043915145782e-008	0.000000e+000	3.600008e+000	1.421040e-001	1.713604e-006
6.062907308860378e-008	0.000000e+000	3.599998e+000	7.904657e-003	1.616190e-006
6.074146026390468e-008	0.000000e+000	3.599994e+000	-2.494903e-004	1.444150e-006
6.088332845096083e-008	0.000000e+000	3.600000e+000	7.661592e-004	1.491102e-006
6.105057396553470e-008	0.000000e+000	3.599999e+000	3.205864e-005	1.463452e-006
6.123612084053470e-008	0.000000e+000	3.600000e+000	2.299438e-004	1.438836e-006
6.142166771553470e-008	0.000000e+000	3.600000e+000	6.951956e-005	1.442915e-006
6.160721459053469e-008	0.000000e+000	3.600000e+000	1.439548e-004	1.401565e-006
6.179276146553469e-008	0.000000e+000	3.600000e+000	5.401621e-005	1.296939e-006
6.197830834053469e-008	0.000000e+000	3.600000e+000	1.000488e-004	1.067396e-006
6.216385521553468e-008	0.000000e+000	3.600000e+000	4.699166e-005	6.200689e-007
6.234940209053468e-008	0.000000e+000	3.600000e+000	7.448642e-005	-7.863494e-007
6.253494896553468e-008	0.000000e+000	3.600000e+000	4.227286e-005	-3.314890e-006
6.272049584053467e-008	0.000000e+000	3.600000e+000	5.828647e-005	-3.155561e-006
6.290604271553467e-008	0.000000e+000	3.600000e+000	3.830599e-005	8.318221e-006
6.309158959053467e-008	0.000000e+000	3.600000e+000	4.738093e-005	4.405372e-005
6.327713646553466e-008	0.000000e+000	3.600000e+000	3.473342e-005	9.597647e-005
6.346268334053466e-008	0.000000e+000	3.600000e+000	3.967160e-005	1.337695e-004
6.364823021553466e-008	0.000000e+000	3.600000e+000	3.150680e-005	5.104317e-005
6.383377709053465e-008	0.000000e+000	3.600000e+000	3.400836e-005	-1.404501e-004
6.401932396553465e-008	0.000000e+000	3.600000e+000	2.859482e-005	-2.058760e-004
6.420487084053465e-008	0.000000e+000	3.600000e+000	2.974062e-005	-6.979026e-005
6.439041771553464e-008	0.000000e+000	3.600000e+000	2.610097e-005	5.068921e-005
6.457596459053464e-008	0.000000e+000	3.600001e+000	2.637644e-005	3.164907e-005
6.476151146553464e-008	0.000000e+000	3.600001e+000	2.380262e-005	4.950063e-006
6.494705834053463e-008	0.000000e+000	3.600001e+000	2.377999e-005	7.437987e-006
6.513260521553463e-008	0.000000e+000	3.600001e+000	2.202434e-005	3.721620e-006
6.531815209053463e-008	0.000000e+000	3.600001e+000	2.166029e-005	3.874210e-006
6.550369896553462e-008	0.000000e+000	3.600001e+000	2.023774e-005	2.824103e-006
6.568924584053462e-008	0.000000e+000	3.600001e+000	1.977722e-005	2.777114e-006
6.587479271553462e-008	0.000000e+000	3.600000e+000	1.868793e-005	2.302601e-006
6.606033959053461e-008	0.000000e+000	3.600000e+000	1.818729e-005	2.260690e-006
6.624588646553461e-008	0.000000e+000	3.600000e+000	1.732523e-005	2.000290e-006
6.643143334053461e-008	0.000000e+000	3.600000e+000	1.678854e-005	1.969361e-006
6.661698021553460e-008	0.000000e+000	3.600000e+000	1.603877e-005	1.813139e-006
6.680252709053460e-008	0.000000e+000	3.600000e+000	1.556728e-005	1.790210e-006
6.717362084053459e-008	0.000000e+000	3.600000e+000	1.454766e-005	1.671165e-006
6.754471459053458e-008	0.000000e+000	3.600000e+000	1.364719e-005	1.583451e-006
6.773026146553458e-008	0.000000e+000	3.600000e+000	1.321563e-005	1.533987e-006
6.791580834053458e-008	0.000000e+000	3.599999e+000	1.284634e-005	1.517077e-006
6.810135521553457e-008	0.000000e+000	3.599998e+000	1.246635e-005	1.485535e-006
6.847244896553457e-008	0.000000e+000	3.599988e+000	1.179166e-005	1.446526e-006
6.865799584053456e-008	0.000000e+000	3.599966e+000	1.148484e-005	1.432731e-006
6.884354271553456e-008	0.000000e+000	3.599930e+000	1.118172e-005	1.414271e-006
6.902908959053456e-008	0.000000e+000	3.599908e+000	1.090182e-005	1.401893e-006
6.921463646553455e-008	0.000000e+000	3.600039e+000	1.062794e-005	1.386970e-006
6.940018334053455e-008	0.000000e+000	3.600139e+000	1.037208e-005	1.375850e-006
6.958573021553455e-008	0.000000e+000	3.600028e+000	1.012333e-005	1.363399e-006
6.977127709053454e-008	0.000000e+000	3.599988e+000	9.888966e-006	1.353366e-006
6.995682396553454e-008	0.000000e+000	3.600005e+000	9.662042e-006	1.342692e-006
7.014237084053454e-008	0.000000e+000	3.599996e+000	9.446815e-006	1.333589e-006
7.032791771553453e-008	0.000000e+000	3.600002e+000	9.238802e-006	1.324230e-006
7.051346459053453e-008	0.000000e+000	3.599998e+000	9.040640e-006	1.315916e-006
7.069901146553453e-008	0.000000e+000	3.600000e+000	8.849287e-006	1.307554e-006
7.088455834053452e-008	0.000000e+000	3.599998e+000	8.666350e-006	1.299908e-006
7.107010521553452e-008	0.000000e+000	3.599999e+000	8.489743e-006	1.292320e-006
7.125565209053452e-008	0.000000e+000	3.599999e+000	8.320430e-006	1.285239e-006
7.144119896553451e-008	0.000000e+000	3.599999e+000	8.156947e-006	1.278267e-006
7.162674584053451e-008	0.000000e+000	3.599999e+000	7.999860e-006	1.271665e-006
7.181229271553451e-008	0.000000e+000	3.599999e+000	7.848137e-006	1.265191e-006
7.199783959053450e-008	0.000000e+000	3.599999e+000	7.702050e-006	1.258997e-006
7.218338646553450e-008	0.000000e+000	3.599999e+000	7.560813e-006	1.252934e-006
7.236893334053450e-008	0.000000e+000	3.599999e+000	7.424657e-006	1.247090e-006
7.274002709053449e-008	0.000000e+000	3.599999e+000	7.165771e-006	1.235828e-006
7.311112084053448e-008	0.000000e+000	3.600000e+000	6.923629e-006	1.225120e-006
7.345570789410591e-008	0.000000e+000	3.600000e+000	6.714507e-006	1.215686e-006
7.380029494767733e-008	0.000000e+000	3.600000e+000	6.515250e-006	1.206532e-006
7.414488200124875e-008	0.000000e+000	3.600000e+000	6.325861e-006	1.197659e-006
7.448946905482016e-008	0.000000e+000	3.600000e+000	6.146338e-006	1.189066e-006
7.483405610839159e-008	0.000000e+000	3.600000e+000	5.976681e-006	1.180752e-006
7.517864316196301e-008	0.000000e+000	3.600000e+000	5.816891e-006	1.172719e-006
7.552323021553444e-008	0.000000e+000	3.600000e+000	5.666967e-006	1.164966e-006
7.674253825124871e-008	0.000000e+000	3.600000e+000	5.212128e-006	1.139360e-006
7.796184628696296e-008	0.000000e+000	3.600000e+000	4.801865e-006	1.114987e-006
7.918115432267723e-008	0.000000e+000	3.600000e+000	4.436178e-006	1.091847e-006
8.040046235839149e-008	0.000000e+000	3.600000e+000	4.115069e-006	1.069939e-006
8.161977039410575e-008	0.000000e+000	3.600000e+000	3.838536e-006	1.049264e-006
8.283907842982002e-008	0.000000e+000	3.600000e+000	3.606579e-006	1.029822e-006
8.405838646553428e-008	0.000000e+000	3.600000e+000	3.419200e-006	1.011613e-006
8.631145566196281e-008	0.000000e+000	3.600000e+000	3.112566e-006	9.796378e-007
8.856452485839134e-008	0.000000e+000	3.600000e+000	2.838382e-006	9.493449e-007
9.081759405481988e-008	0.000000e+000	3.600000e+000	2.596647e-006	9.207340e-007
9.307066325124840e-008	0.000000e+000	3.600000e+000	2.387362e-006	8.938051e-007
9.532373244767693e-008	0.000000e+000	3.600000e+000	2.210526e-006	8.685582e-007
9.757680164410546e-008	0.000000e+000	3.600000e+000	2.066139e-006	8.449932e-007
9.982987084053399e-008	0.000000e+000	3.600000e+000	1.954202e-006	8.231103e-007
1.000000000000000e-007	0.000000e+000	3.600000e+000	1.945123e-006	8.214729e-007
1.000170129159466e-007	2.722067e-002	3.600000e+000	2.003817e-005	2.435867e-006
1.000510387478398e-007	8.166200e-002	3.600000e+000	2.442533e-005	2.375984e-006
1.001190904116262e-007	1.905447e-001	3.600000e+000	1.005960e-005	5.109234e-007
1.002551937391990e-007	4.083100e-001	3.600000e+000	-3.486462e-006	1.712601e-007
1.003144531250000e-007	5.031250e-001	3.600000e+000	-2.295575e-005	-9.911091e-007
1.003814812283980e-007	6.103700e-001	3.600000e+000	-7.723596e-005	-5.098885e-006
1.004013009675876e-007	6.420816e-001	3.600000e+000	-1.078093e-004	-7.259042e-006
1.004409404459666e-007	7.055047e-001	3.600000e+000	-1.885197e-004	-1.241932e-005
1.005000000000000e-007	8.000000e-001	3.600000e+000	-3.016691e-004	-1.917053e-005
1.005059059554033e-007	8.000000e-001	3.600000e+000	-3.067681e-004	-1.968275e-005
1.005177178662100e-007	8.000000e-001	3.600000e+000	-2.904388e-004	-1.846269e-005
1.005413416878234e-007	8.000000e-001	3.600000e+000	-2.257572e-004	-1.455279e-005
1.005885893310501e-007	8.000000e-001	3.600000e+000	-1.293810e-004	-9.850713e-006
1.006830846175035e-007	8.000000e-001	3.600000e+000	-3.801980e-005	5.594482e-006
1.008074213060529e-007	8.000000e-001	3.600000e+000	5.432515e-005	5.368892e-005
1.009072816213948e-007	8.000000e-001	3.600000e+000	1.411101e-004	1.147431e-004
1.010177936228905e-007	8.000000e-001	3.600000e+000	1.555469e-004	1.655256e-004
1.011893821211868e-007	8.000000e-001	3.600000e+000	5.949880e-005	2.277575e-004
1.013749289961868e-007	8.000000e-001	3.600000e+000	7.410546e-006	2.886127e-004
1.015543817418877e-007	8.000000e-001	3.600000e+000	2.278250e-006	2.554352e-004
1.017399286168877e-007	8.000000e-001	3.600000e+000	1.859825e-006	-3.496544e-003
1.019254754918877e-007	8.000000e-001	3.600000e+000	1.785134e-006	-1.265155e-002
1.021110223668876e-007	8.000000e-001	3.600000e+000	1.894800e-006	9.324519e-002
1.022965692418876e-007	8.000000e-001	3.600000e+000	1.763560e-006	4.237638e-001
1.024347768177550e-007	8.000000e-001	3.600000e+000	1.587174e-006	6.868984e-001
1.025464494437764e-007	8.000000e-001	3.600000e+000	2.202800e-006	7.817896e-001
1.026459720482057e-007	8.000000e-001	3.599995e+000	2.001032e-006	7.960393e-001
1.027544971783139e-007	8.000000e-001	3.599695e+000	1.951511e-006	7.986463e-001
1.028446955767573e-007	8.000000e-001	3.597741e+000	1.890489e-006	7.995953e-001
1.029503962980014e-007	8.000000e-001	3.605190e+000	1.862357e-006	7.999125e-001
1.030583663388012e-007	8.000000e-001	3.672127e+000	1.815082e-006	7.999771e-001
1.031458296881594e-007	8.000000e-001	3.627172e+000	1.819801e-006	7.999890e-001
1.032413012942798e-007	8.000000e-001	3.264507e+000	1.817202e-006	7.999856e-001
1.033310142706835e-007	8.000000e-001	2.923256e+000	1.793052e-006	7.999892e-001
1.034496652622768e-007	8.000000e-001	2.800858e+000	1.788880e-006	7.999939e-001
1.035642691262818e-007	8.000000e-001	2.801318e+000	1.775542e-006	7.999993e-001
1.036956969009669e-007	8.000000e-001	2.800085e+000	1.772690e-006	7.999991e-001
1.038384588195566e-007	8.000000e-001	2.800151e+000	1.761301e-006	7.999999e-001
1.039944091359011e-007	8.000000e-001	2.799959e+000	1.758773e-006	7.999991e-001
1.041799560109011e-007	8.000000e-001	2.800083e+000	1.749057e-006	7.999997e-001
1.043655028859011e-007	8.000000e-001	2.800030e+000	1.739527e-006	8.000004e-001
1.045510497609011e-007	8.000000e-001	2.800061e+000	1.727430e-006	8.000014e-001
1.047365966359011e-007	8.000000e-001	2.800016e+000	1.721891e-006	8.000008e-001
1.049221435109011e-007	8.000000e-001	2.800043e+000	1.717966e-006	8.000000e-001
1.051076903859011e-007	8.000000e-001	2.800007e+000	1.712590e-006	8.000000e-001
1.052932372609011e-007	8.000000e-001	2.800030e+000	1.703773e-006	8.000003e-001
1.054787841359011e-007	8.000000e-001	2.800002e+000	1.694098e-006	8.000002e-001
1.056643310109011e-007	8.000000e-001	2.800021e+000	1.684669e-006	8.000002e-001
1.058498778859011e-007	8.000000e-001	2.800000e+000	1.677477e-006	8.000001e-001
1.060354247609011e-007	8.000000e-001	2.800015e+000	1.670138e-006	8.000000e-001
1.062209716359011e-007	8.000000e-001	2.799998e+000	1.663932e-006	8.000000e-001
1.064065185109011e-007	8.000000e-001	2.800011e+000	1.657797e-006	8.000001e-001
1.065920653859011e-007	8.000000e-001	2.799998e+000	1.651971e-006	8.000000e-001
1.067776122609011e-007	8.000000e-001	2.800008e+000	1.642135e-006	8.000001e-001
1.069631591359011e-007	8.000000e-001	2.799998e+000	1.630671e-006	8.000001e-001
1.071487060109010e-007	8.000000e-001	2.800005e+000	1.620063e-006	8.000003e-001
1.073342528859010e-007	8.000000e-001	2.799998e+000	1.612035e-006	8.000007e-001
1.075197997609010e-007	8.000000e-001	2.800004e+000	1.603808e-006	8.000014e-001
1.077053466359010e-007	8.000000e-001	2.799998e+000	1.595265e-006	8.000023e-001
1.078908935109010e-007	8.000000e-001	2.800003e+000	1.588207e-006	8.000040e-001
1.080764403859010e-007	8.000000e-001	2.799999e+000	1.583502e-006	8.000067e-001
1.082619872609010e-007	8.000000e-001	2.800002e+000	1.578209e-006	8.000087e-001
1.084475341359010e-007	8.000000e-001	2.799999e+000	1.573194e-006	8.000051e-001
1.086330810109010e-007	8.000000e-001	2.800002e+000	1.567299e-006	7.999833e-001
1.088186278859010e-007	8.000000e-001	2.799999e+000	1.561068e-006	7.999160e-001
1.090041747609010e-007	8.000000e-001	2.800001e+000	1.554195e-006	7.997963e-001
1.091897216359010e-007	8.000000e-001	2.799999e+000	1.544263e-006	7.995850e-001
1.093752685109010e-007	8.000000e-001	2.800001e+000	1.525427e-006	7.989767e-001
1.095608153859010e-007	8.000000e-001	2.799999e+000	1.523849e-006	7.990538e-001
1.097463622609010e-007	8.000000e-001	2.800001e+000	1.562934e-006	8.070129e-001
1.099319091359010e-007	8.000000e-001	2.799999e+000	1.466361e-006	8.296842e-001
1.101174560109010e-007	8.000000e-001	2.799998e+000	1.141555e-006	7.766545e-001
1.102485007428618e-007	8.000000e-001	2.800004e+000	1.130515e-006	5.356299e-001
1.103966460985355e-007	8.000000e-001	2.800006e+000	1.358153e-006	1.388705e-001
1.105003481849686e-007	8.000000e-001	2.799997e+000	1.005202e-006	6.330201e-003
1.106143662323450e-007	8.000000e-001	2.799997e+000	2.222924e-007	-1.509730e-004
1.107522430284068e-007	8.000000e-001	2.799998e+000	-1.126353e-006	8.247194e-004
1.109377899034068e-007	8.000000e-001	2.799999e+000	-3.606043e-006	1.150216e-004
1.111233367784068e-007	8.000000e-001	2.800000e+000	-2.129597e-006	2.156489e-004
1.113088836534068e-007	8.000000e-001	2.800000e+000	1.346449e-005	6.833067e-005
1.114944305284068e-007	8.000000e-001	2.800000e+000	5.407559e-005	1.368679e-004
1.116799774034068e-007	8.000000e-001	2.800000e+000	1.064128e-004	5.394052e-005
1.118655242784067e-007	8.000000e-001	2.800000e+000	1.291269e-004	9.609337e-005
1.120510711534067e-007	8.000000e-001	2.800000e+000	1.800749e-005	4.705193e-005
1.122366180284067e-007	8.000000e-001	2.800000e+000	-1.771135e-004	7.208383e-005
1.124221649034067e-007	8.000000e-001	2.800000e+000	-1.894447e-004	4.222419e-005
1.126077117784067e-007	8.000000e-001	2.800000e+000	-2.814355e-005	5.680203e-005
1.127932586534067e-007	8.000000e-001	2.800000e+000	5.212741e-005	3.823274e-005
1.129788055284067e-007	8.000000e-001	2.800000e+000	2.255727e-005	4.635208e-005
1.131643524034067e-007	8.000000e-001	2.800000e+000	5.482050e-006	3.456023e-005
1.133498992784067e-007	8.000000e-001	2.800000e+000	6.568777e-006	3.896929e-005
1.135354461534067e-007	8.000000e-001	2.800000e+000	3.719426e-006	3.132007e-005
1.137209930284067e-007	8.000000e-001	2.800000e+000	3.619464e-006	3.373882e-005
1.139065399034067e-007	8.000000e-001	2.800001e+000	2.829456e-006	2.894222e-005
1.140920867784067e-007	8.000000e-001	2.800001e+000	2.680329e-006	2.981512e-005
1.142776336534067e-007	8.000000e-001	2.800001e+000	2.323620e-006	2.625092e-005
1.144631805284067e-007	8.000000e-001	2.800001e+000	2.228361e-006	2.641117e-005
1.146487274034067e-007	8.000000e-001	2.800002e+000	2.032935e-006	2.391108e-005
1.148342742784067e-007	8.000000e-001	2.800002e+000	1.970992e-006	2.369400e-005
1.150198211534067e-007	8.000000e-001	2.800002e+000	1.852622e-006	2.186590e-005
1.152053680284067e-007	8.000000e-001	2.800002e+000	1.808620e-006	2.146339e-005
1.153909149034067e-007	8.000000e-001	2.800002e+000	1.731964e-006	2.010133e-005
1.155764617784067e-007	8.000000e-001	2.800002e+000	1.694699e-006	1.961829e-005
1.157620086534067e-007	8.000000e-001	2.800002e+000	1.637665e-006	1.856580e-005
1.159475555284067e-007	8.000000e-001	2.800002e+000	1.611407e-006	1.805617e-005
1.161331024034067e-007	8.000000e-001	2.800002e+000	1.574730e-006	1.721532e-005
1.163186492784067e-007	8.000000e-001	2.800002e+000	1.553152e-006	1.667581e-005
1.165041961534067e-007	8.000000e-001	2.800002e+000	1.525756e-006	1.594090e-005
1.168752899034067e-007	8.000000e-001	2.800003e+000	1.486360e-006	1.489998e-005
1.172463836534066e-007	8.000000e-001	2.800004e+000	1.453761e-006	1.397321e-005
1.176174774034066e-007	8.000000e-001	2.800004e+000	1.426125e-006	1.314561e-005
1.178030242784066e-007	8.000000e-001	2.800002e+000	1.414316e-006	1.277930e-005
1.179885711534066e-007	8.000000e-001	2.799998e+000	1.402210e-006	1.240331e-005
1.183596649034066e-007	8.000000e-001	2.799994e+000	1.381149e-006	1.173472e-005
1.185452117784066e-007	8.000000e-001	2.799993e+000	1.371688e-006	1.143063e-005
1.187307586534066e-007	8.000000e-001	2.799991e+000	1.362318e-006	1.113013e-005
1.189163055284066e-007	8.000000e-001	2.799993e+000	1.353715e-006	1.085273e-005
1.191018524034066e-007	8.000000e-001	2.800012e+000	1.345262e-006	1.058099e-005
1.192873992784066e-007	8.000000e-001	2.800010e+000	1.337364e-006	1.032733e-005
1.194729461534066e-007	8.000000e-001	2.799991e+000	1.329636e-006	1.008048e-005
1.196584930284066e-007	8.000000e-001	2.799996e+000	1.322325e-006	9.848092e-006
1.198440399034067e-007	8.000000e-001	2.799997e+000	1.315184e-006	9.622725e-006
1.200295867784067e-007	8.000000e-001	2.799996e+000	1.308363e-006	9.409287e-006
1.202151336534067e-007	8.000000e-001	2.799997e+000	1.301705e-006	9.202663e-006
1.204006805284067e-007	8.000000e-001	2.799997e+000	1.295298e-006	9.006044e-006
1.205862274034067e-007	8.000000e-001	2.799998e+000	1.289041e-006	8.816027e-006
1.207717742784067e-007	8.000000e-001	2.799998e+000	1.282988e-006	8.634463e-006
1.209573211534067e-007	8.000000e-001	2.799999e+000	1.277070e-006	8.458984e-006
1.211428680284067e-007	8.000000e-001	2.799999e+000	1.271321e-006	8.290913e-006
1.213284149034067e-007	8.000000e-001	2.799999e+000	1.265692e-006	8.128434e-006
1.215139617784067e-007	8.000000e-001	2.799999e+000	1.260207e-006	7.972461e-006
1.216995086534068e-007	8.000000e-001	2.799999e+000	1.254829e-006	7.821623e-006
1.218850555284068e-007	8.000000e-001	2.799999e+000	1.249573e-006	7.676532e-006
1.220706024034068e-007	8.000000e-001	2.800000e+000	1.244414e-006	7.536149e-006
1.222561492784068e-007	8.000000e-001	2.800000e+000	1.239361e-006	7.400881e-006
1.226272430284068e-007	8.000000e-001	2.800000e+000	1.229521e-006	7.143551e-006
1.231838836534068e-007	8.000000e-001	2.800000e+000	1.215372e-006	6.788130e-006
1.236344974926926e-007	8.000000e-001	2.800000e+000	1.204466e-006	6.528411e-006
1.240851113319783e-007	8.000000e-001	2.800000e+000	1.193851e-006	6.283519e-006
1.245357251712640e-007	8.000000e-001	2.800000e+000	1.183528e-006	6.053455e-006
1.249863390105498e-007	8.000000e-001	2.800000e+000	1.173496e-006	5.838219e-006
1.254369528498355e-007	8.000000e-001	2.800000e+000	1.163756e-006	5.637810e-006
1.258875666891213e-007	8.000000e-001	2.800000e+000	1.154307e-006	5.452228e-006
1.263381805284070e-007	8.000000e-001	2.800000e+000	1.145150e-006	5.281474e-006
1.277695421355499e-007	8.000000e-001	2.800000e+000	1.117674e-006	4.823008e-006
1.292009037426929e-007	8.000000e-001	2.800000e+000	1.091464e-006	4.411860e-006
1.306322653498358e-007	8.000000e-001	2.800000e+000	1.066521e-006	4.048030e-006
1.320636269569787e-007	8.000000e-001	2.800000e+000	1.042844e-006	3.731518e-006
1.334949885641217e-007	8.000000e-001	2.800000e+000	1.020435e-006	3.462324e-006
1.349263501712646e-007	8.000000e-001	2.800000e+000	9.992913e-007	3.240448e-006
1.363577117784075e-007	8.000000e-001	2.800000e+000	9.794146e-007	3.065890e-006
1.383631678912327e-007	8.000000e-001	2.800000e+000	9.527959e-007	2.837304e-006
1.403686240040578e-007	8.000000e-001	2.800000e+000	9.273972e-007	2.630196e-006
1.423740801168829e-007	8.000000e-001	2.800000e+000	9.032184e-007	2.444567e-006
1.443795362297081e-007	8.000000e-001	2.800000e+000	8.802595e-007	2.280416e-006
1.463849923425332e-007	8.000000e-001	2.800000e+000	8.585206e-007	2.137744e-006
1.483904484553583e-007	8.000000e-001	2.800000e+000	8.380017e-007	2.016550e-006
1.503959045681835e-007	8.000000e-001	2.800000e+000	8.187027e-007	1.916835e-006
1.505000000000000e-007	8.000000e-001	2.800000e+000	8.177128e-007	1.911485e-006
1.505104095431816e-007	7.833447e-001	2.800000e+000	-2.235996e-005	1.030990e-006
1.505312286295449e-007	7.500342e-001	2.800000e+000	-3.422841e-005	7.396619e-007
1.505728668022715e-007	6.834131e-001	2.800000e+000	-1.972370e-005	1.493623e-006
1.506561431477248e-007	5.501710e-001	2.800000e+000	-2.753445e-006	2.104025e-006
1.508226958386312e-007	2.836867e-001	2.800000e+000	5.606910e-005	3.567018e-006
1.510000000000000e-007	3.552714e-015	2.800000e+000	2.181664e-004	7.724448e-006
1.510177304161369e-007	1.184238e-015	2.800000e+000	2.442357e-004	7.921657e-006
1.510531912484106e-007	0.000000e+000	2.800000e+000	2.259080e-004	5.744938e-006
1.511241129129581e-007	0.000000e+000	2.800000e+000	1.749159e-004	2.414470e-006
1.512659562420532e-007	0.000000e+000	2.800000e+000	2.083625e-004	1.967234e-006
1.514515031170532e-007	0.000000e+000	2.800000e+000	2.619540e-004	5.684408e-007
1.516370499920532e-007	0.000000e+000	2.800000e+000	1.950737e-004	-9.266711e-006
1.518225968670532e-007	0.000000e+000	2.800000e+000	-4.861627e-003	-3.407034e-005
1.520081437420532e-007	0.000000e+000	2.800000e+000	-7.340071e-003	-6.012841e-005
1.521936906170532e-007	0.000000e+000	2.800000e+000	1.204292e-001	-6.247441e-005
1.523792374920532e-007	0.000000e+000	2.800000e+000	4.601392e-001	-4.623973e-005
1.525167776028949e-007	0.000000e+000	2.800000e+000	7.059703e-001	3.253159e-005
1.526253873375441e-007	0.000000e+000	2.800000e+000	7.851903e-001	1.360184e-004
1.527210853622602e-007	0.000000e+000	2.799999e+000	7.961310e-001	1.418916e-004
1.528250928285358e-007	0.000000e+000	2.799955e+000	7.986519e-001	7.017520e-005
1.529136933375400e-007	0.000000e+000	2.799637e+000	7.995740e-001	2.917463e-005
1.530171999610738e-007	0.000000e+000	2.800610e+000	7.998958e-001	1.026810e-005
1.531235546384933e-007	0.000000e+000	2.804073e+000	7.999688e-001	4.166811e-006
1.532121411994821e-007	0.000000e+000	2.801787e+000	7.999837e-001	2.580465e-006
1.532872221028927e-007	0.000000e+000	2.791529e+000	7.999824e-001	2.656740e-006
1.533691113837541e-007	0.000000e+000	2.764459e+000	7.999844e-001	2.558312e-006
1.534626388159163e-007	0.000000e+000	2.721137e+000	7.999889e-001	1.176404e-006
1.535601197705508e-007	0.000000e+000	2.813610e+000	7.999961e-001	1.070999e-006
1.536849331398890e-007	0.000000e+000	3.173142e+000	7.999983e-001	2.208772e-006
1.538289416593645e-007	0.000000e+000	3.508239e+000	7.999994e-001	1.816990e-006
1.539788589768338e-007	0.000000e+000	3.599862e+000	7.999992e-001	1.806923e-006
1.541644058518338e-007	0.000000e+000	3.599664e+000	7.999995e-001	1.776654e-006
1.543496108736274e-007	0.000000e+000	3.600076e+000	7.999996e-001	1.746808e-006
1.545351577486274e-007	0.000000e+000	3.599879e+000	8.000008e-001	1.742723e-006
1.547207046236274e-007	0.000000e+000	3.600044e+000	8.000015e-001	1.719288e-006
1.549062514986275e-007	0.000000e+000	3.599943e+000	8.000005e-001	1.731498e-006
1.550917983736275e-007	0.000000e+000	3.600024e+000	8.000000e-001	1.694655e-006
1.552773452486275e-007	0.000000e+000	3.599972e+000	8.000001e-001	1.708317e-006
1.554628921236275e-007	0.000000e+000	3.600013e+000	8.000001e-001	1.682233e-006
1.556484389986275e-007	0.000000e+000	3.599985e+000	8.000003e-001	1.686424e-006
1.558339858736275e-007	0.000000e+000	3.600007e+000	8.000001e-001	1.666418e-006
1.560195327486275e-007	0.000000e+000	3.599992e+000	8.000001e-001	1.668469e-006
1.562050796236275e-007	0.000000e+000	3.600004e+000	8.000000e-001	1.653755e-006
1.563906264986275e-007	0.000000e+000	3.599996e+000	8.000001e-001	1.653580e-006
1.565761733736275e-007	0.000000e+000	3.600002e+000	8.000000e-001	1.643023e-006
1.567617202486275e-007	0.000000e+000	3.599998e+000	8.000000e-001	1.641243e-006
1.569472671236276e-007	0.000000e+000	3.600001e+000	8.000001e-001	1.629935e-006
1.571328139986276e-007	0.000000e+000	3.599998e+000	8.000002e-001	1.624492e-006
1.573183608736276e-007	0.000000e+000	3.600001e+000	8.000003e-001	1.615949e-006
1.575039077486276e-007	0.000000e+000	3.599999e+000	8.000009e-001	1.612178e-006
1.576894546236276e-007	0.000000e+000	3.600000e+000	8.000016e-001	1.604230e-006
1.578750014986276e-007	0.000000e+000	3.599999e+000	8.000027e-001	1.597750e-006
1.580605483736276e-007	0.000000e+000	3.600000e+000	8.000047e-001	1.590639e-006
1.582460952486276e-007	0.000000e+000	3.600000e+000	8.000075e-001	1.583924e-006
1.584316421236276e-007	0.000000e+000	3.600000e+000	8.000087e-001	1.574808e-006
1.586171889986276e-007	0.000000e+000	3.600000e+000	8.000016e-001	1.565423e-006
1.588027358736277e-007	0.000000e+000	3.600000e+000	7.999697e-001	1.555093e-006
1.589882827486277e-007	0.000000e+000	3.600000e+000	7.998871e-001	1.546688e-006
1.591738296236277e-007	0.000000e+000	3.600000e+000	7.997499e-001	1.539941e-006
1.593593764986277e-007	0.000000e+000	3.600000e+000	7.994671e-001	1.532788e-006
1.595449233736277e-007	0.000000e+000	3.600000e+000	7.987928e-001	1.525892e-006
1.597304702486277e-007	0.000000e+000	3.600000e+000	8.000222e-001	1.544554e-006
1.599160171236277e-007	0.000000e+000	3.600000e+000	8.139702e-001	1.557741e-006
1.601015639986277e-007	0.000000e+000	3.600000e+000	8.144267e-001	1.457397e-006
1.602871108736277e-007	0.000000e+000	3.600002e+000	6.240576e-001	1.381606e-006
1.604726577486277e-007	0.000000e+000	3.600006e+000	1.946961e-001	1.668936e-006
1.605789290182435e-007	0.000000e+000	3.600005e+000	2.602601e-002	1.702324e-006
1.607058475091205e-007	0.000000e+000	3.599998e+000	4.587890e-004	1.460515e-006
1.608237129628683e-007	0.000000e+000	3.599996e+000	1.488764e-003	1.476162e-006
1.609523723414164e-007	0.000000e+000	3.599999e+000	-4.951743e-004	1.512185e-006
1.611379192164164e-007	0.000000e+000	3.599999e+000	3.494933e-004	1.436431e-006
1.613234660914164e-007	0.000000e+000	3.599999e+000	6.833486e-005	1.448793e-006
1.615090129664164e-007	0.000000e+000	3.600000e+000	2.002276e-004	1.419593e-006
1.616945598414164e-007	0.000000e+000	3.600000e+000	4.591199e-005	1.359444e-006
1.618801067164164e-007	0.000000e+000	3.600000e+000	1.297508e-004	1.164660e-006
1.620656535914164e-007	0.000000e+000	3.600000e+000	4.014708e-005	8.692772e-007
1.622512004664164e-007	0.000000e+000	3.600000e+000	9.121327e-005	-3.097625e-008
1.624367473414164e-007	0.000000e+000	3.600000e+000	3.769169e-005	-2.288112e-006
1.626222942164164e-007	0.000000e+000	3.600000e+000	6.820541e-005	-3.926370e-006
1.628078410914164e-007	0.000000e+000	3.600000e+000	3.558802e-005	1.317346e-006
1.629933879664165e-007	0.000000e+000	3.600000e+000	5.351512e-005	2.624103e-005
1.631789348414165e-007	0.000000e+000	3.600000e+000	3.329039e-005	7.422116e-005
1.633644817164165e-007	0.000000e+000	3.600000e+000	4.360527e-005	1.244759e-004
1.635500285914165e-007	0.000000e+000	3.600000e+000	3.085488e-005	1.035948e-004
1.637355754664165e-007	0.000000e+000	3.600000e+000	3.662566e-005	-5.005575e-005
1.639211223414165e-007	0.000000e+000	3.600000e+000	2.841414e-005	-2.128353e-004
1.641066692164165e-007	0.000000e+000	3.600000e+000	3.150222e-005	-1.484998e-004
1.642922160914165e-007	0.000000e+000	3.600000e+000	2.618618e-005	2.658471e-005
1.644777629664165e-007	0.000000e+000	3.600001e+000	2.765801e-005	4.660761e-005
1.646633098414165e-007	0.000000e+000	3.600001e+000	2.404099e-005	9.360404e-006
1.648488567164166e-007	0.000000e+000	3.600001e+000	2.479728e-005	7.469997e-006
1.650344035914166e-007	0.000000e+000	3.600001e+000	2.243678e-005	4.653298e-006
1.652199504664166e-007	0.000000e+000	3.600001e+000	2.246336e-005	3.971365e-006
1.654054973414166e-007	0.000000e+000	3.600001e+000	2.061021e-005	3.081032e-006
1.655910442164166e-007	0.000000e+000	3.600001e+000	2.037146e-005	2.838888e-006
1.657765910914166e-007	0.000000e+000	3.600001e+000	1.900647e-005	2.414872e-006
1.659621379664166e-007	0.000000e+000	3.600001e+000	1.865885e-005	2.299807e-006
1.661476848414166e-007	0.000000e+000	3.600000e+000	1.762412e-005	2.060246e-006
1.663332317164166e-007	0.000000e+000	3.600000e+000	1.721118e-005	1.997016e-006
1.665187785914166e-007	0.000000e+000	3.600000e+000	1.639903e-005	1.851771e-006
1.667043254664167e-007	0.000000e+000	3.600000e+000	1.593242e-005	1.810076e-006
1.670754192164167e-007	0.000000e+000	3.600000e+000	1.481254e-005	1.685904e-006
1.674465129664167e-007	0.000000e+000	3.600000e+000	1.387790e-005	1.595063e-006
1.678176067164167e-007	0.000000e+000	3.600000e+000	1.304966e-005	1.526581e-006
1.680031535914167e-007	0.000000e+000	3.599999e+000	1.264804e-005	1.495911e-006
1.683742473414167e-007	0.000000e+000	3.599993e+000	1.195668e-005	1.454700e-006
1.685597942164168e-007	0.000000e+000	3.599979e+000	1.164699e-005	1.439262e-006
1.687453410914168e-007	0.000000e+000	3.599950e+000	1.133190e-005	1.420924e-006
1.689308879664168e-007	0.000000e+000	3.599915e+000	1.104819e-005	1.407482e-006
1.691164348414168e-007	0.000000e+000	3.599963e+000	1.076481e-005	1.392543e-006
1.693019817164168e-007	0.000000e+000	3.600102e+000	1.050487e-005	1.380714e-006
1.694875285914168e-007	0.000000e+000	3.600093e+000	1.024862e-005	1.368181e-006
1.696730754664168e-007	0.000000e+000	3.599990e+000	1.001003e-005	1.357665e-006
1.698586223414168e-007	0.000000e+000	3.599995e+000	9.776728e-006	1.346882e-006
1.700441692164168e-007	0.000000e+000	3.600000e+000	9.557573e-006	1.337440e-006
1.702297160914168e-007	0.000000e+000	3.599995e+000	9.344373e-006	1.327964e-006
1.704152629664169e-007	0.000000e+000	3.600002e+000	9.142482e-006	1.319405e-006
1.706008098414169e-007	0.000000e+000	3.599998e+000	8.946612e-006	1.310932e-006
1.707863567164169e-007	0.000000e+000	3.600001e+000	8.760253e-006	1.303103e-006
1.709719035914169e-007	0.000000e+000	3.599999e+000	8.579716e-006	1.295413e-006
1.711574504664169e-007	0.000000e+000	3.600000e+000	8.407272e-006	1.288191e-006
1.713429973414169e-007	0.000000e+000	3.599999e+000	8.240331e-006	1.281128e-006
1.715285442164169e-007	0.000000e+000	3.599999e+000	8.080392e-006	1.274415e-006
1.717140910914169e-007	0.000000e+000	3.599999e+000	7.925581e-006	1.267861e-006
1.718996379664169e-007	0.000000e+000	3.599999e+000	7.776897e-006	1.261578e-006
1.720851848414169e-007	0.000000e+000	3.599999e+000	7.632962e-006	1.255445e-006
1.722707317164169e-007	0.000000e+000	3.599999e+000	7.494431e-006	1.249527e-006
1.726418254664170e-007	0.000000e+000	3.599999e+000	7.230940e-006	1.238142e-006
1.730129192164170e-007	0.000000e+000	3.599999e+000	6.984624e-006	1.227328e-006
1.735695598414170e-007	0.000000e+000	3.600000e+000	6.643870e-006	1.212007e-006
1.741262004664170e-007	0.000000e+000	3.600000e+000	6.340138e-006	1.197805e-006
1.746828410914171e-007	0.000000e+000	3.600000e+000	6.056319e-006	1.184136e-006
1.752394817164171e-007	0.000000e+000	3.600000e+000	5.792411e-006	1.170998e-006
1.757961223414171e-007	0.000000e+000	3.600000e+000	5.548414e-006	1.158392e-006
1.763527629664172e-007	0.000000e+000	3.600000e+000	5.324330e-006	1.146319e-006
1.769094035914172e-007	0.000000e+000	3.600000e+000	5.120157e-006	1.134777e-006
1.774660442164172e-007	0.000000e+000	3.600000e+000	4.935895e-006	1.123767e-006
1.791094593949887e-007	0.000000e+000	3.600000e+000	4.480601e-006	1.093313e-006
1.807528745735603e-007	0.000000e+000	3.600000e+000	4.074180e-006	1.064421e-006
1.823962897521318e-007	0.000000e+000	3.600000e+000	3.716633e-006	1.037092e-006
1.840397049307033e-007	0.000000e+000	3.600000e+000	3.407960e-006	1.011325e-006
1.856831201092748e-007	0.000000e+000	3.600000e+000	3.148160e-006	9.871201e-007
1.873265352878463e-007	0.000000e+000	3.600000e+000	2.937234e-006	9.644778e-007
1.889699504664178e-007	0.000000e+000	3.600000e+000	2.775182e-006	9.433979e-007
1.898976848414179e-007	0.000000e+000	3.600000e+000	2.679453e-006	9.316680e-007
1.900000000000000e-007	0.000000e+000	3.600000e+000	2.669260e-006	9.303919e-007
